Query 1: 
SELECT count(1) FROM store_sales

Expected result:
+--------+
|count(1)|
+--------+
|     100|
+--------+

Query 2: 
SELECT ss_quantity, ss_wholesale_cost, ss_list_price FROM store_sales WHERE ss_item_sk = 2744 AND ss_ticket_number = 1

Expected result: 
+-----------+-----------------+-------------+
|ss_quantity|ss_wholesale_cost|ss_list_price|
+-----------+-----------------+-------------+
|         37|            63.63|       101.17|
+-----------+-----------------+-------------+

Query 3: 
SELECT ss_sold_date_sk, ss_sold_time_sk, ss_store_sk FROM store_sales WHERE ss_item_sk = 2744 AND ss_ticket_number = 1

Expected result: 
+---------------+---------------+-----------+
|ss_sold_date_sk|ss_sold_time_sk|ss_store_sk|
+---------------+---------------+-----------+
|        2451813|          65495|         25|
+---------------+---------------+-----------+

Query 4:
SELECT ss_item_sk, count(1) FROM store_sales GROUP BY ss_item_sk

Expected result:
+----------+--------+
|ss_item_sk|count(1)|
+----------+--------+
|       808|       1|
|      5695|       1|
|     20719|       1|
|     21872|       1|
|      4424|       1|
|      1030|       1|
|     27645|       1|
|     12597|       1|
|     10861|       1|
|     26996|       1|
|      9474|       1|
|      6469|       1|
|     17447|       1|
|      4472|       1|
|     26337|       1|
|      5791|       1|
|     14389|       1|
|      9052|       1|
|     11557|       1|
|      9483|       1|
|     24989|       1|
|      7657|       1|
|     10423|       1|
|     10378|       1|
|      8263|       1|
|     13616|       1|
|     21995|       1|
|     17183|       1|
|      8558|       1|
|     10417|       1|
|       347|       1|
|     23272|       1|
|      2524|       1|
|      5186|       1|
|      5476|       1|
|     19748|       1|
|     25084|       1|
|     26391|       1|
|     24974|       1|
|      3163|       1|
|     11869|       1|
|     13092|       1|
|     27149|       1|
|      3304|       1|
|      6685|       1|
|      7227|       1|
|     12617|       1|
|     10930|       1|
|      5602|       1|
|     15079|       1|
|     21315|       1|
|     18189|       1|
|     26116|       1|
|      7937|       1|
|      3537|       1|
|     22174|       1|
|     11635|       1|
|     14761|       1|
|     23251|       1|
|     16833|       1|
|      9463|       1|
|      6991|       1|
|     19123|       1|
|      2578|       1|
|      3318|       1|
|     24025|       1|
|      8129|       1|
|      2529|       1|
|      1592|       1|
|     14371|       1|
|      6851|       1|
|      4878|       1|
|     19693|       1|
|      2744|       1|
|      4540|       1|
|     23918|       1|
|     13942|       1|
|     14664|       1|
|     24364|       1|
|      3109|       1|
|     21862|       1|
|     14893|       1|
|     15139|       1|
|     10499|       1|
|       317|       1|
|     13335|       1|
|       765|       1|
|     16689|       1|
|      5977|       1|
|     18752|       1|
|     22890|       1|
|     21549|       1|
|       186|       1|
|     22203|       1|
|     11268|       1|
|     22526|       1|
|      1857|       1|
|      4214|       1|
|     24682|       1|
|      3836|       1|
+----------+--------+

Query 5:
SELETE ss_wholesale_cost, ss_item_sk FROM store_sales WHERE ss_quantity > 80

Expected result:
+-----------------+----------+
|ss_wholesale_cost|ss_item_sk|
+-----------------+----------+
|            27.68|      1592|
|             91.8|      2529|
|            56.14|      3109|
|            69.53|      3163|
|             85.0|      4878|
|            25.08|      5977|
|            81.63|      9483|
|            64.67|     10861|
|            27.95|     12597|
|            21.29|     13335|
|            64.43|     13942|
|            14.11|     14761|
|            35.87|     15139|
|            31.78|     16689|
|            52.41|     17447|
|            93.48|     19748|
|            98.02|     20719|
|            62.67|     22203|
|            38.23|     23251|
|            80.52|     23918|
|            74.15|     24364|
|             4.45|     26337|
|            41.08|     27149|
+-----------------+----------+
